
S:100.000000 
E:110.000000 
r:10.000000 
sigma:1.000000 
T:1.000000 
M:100000 

Confidence Interval: (103.908730, 104.278690)
